1073.048249798592
746.7875956981951
1047.3232228946101
1026.451525774178
718.4152635866723
830.3259424632722
828.8404878868503
820.5854680699794
1130.4122645226955
846.182883835039
733.8766614427685
1071.1730384594632
1007.3939502807619
831.4868572336197
791.0901093671664
834.7541491964511
999.6497222119456
771.9632091644926
812.0357089734027
744.645121121831
1046.8100303940769
776.843013425768
1112.1177577168985
1358.092790430614
755.0721089884399
790.1395790758401
892.3232681863186
919.5791432315597
977.96051141841
772.9129601764005
682.4372671712471
1161.875739445369
872.8968409908392
798.3576672678598
735.8258523363196
902.1183098305553
841.6107713448146
1369.4867136564817
1008.2825405884003
966.0095955649335
643.257749423009
918.1731934641678
942.6970357288521
1164.4331180411896
641.6957238658101
682.4185890937291
923.8500913389462
1045.2531465348748
948.3812911651164
1186.2214179490547
666.4768654633212
909.5875178266554
826.3047759426453
289.6881654860192
1046.707373044577
803.031820902759
614.5453185284983
988.8050032232245
226.22310962380237
1138.3880522721665
998.2222556138146
832.7766909592015
1091.395562370133
1355.3305420618558
